8 2 3 6 5 0 7 4 1
8 2 3 6 5 1 7 4 0
8 2 3 6 5 1 7 0 4
8 2 3 6 5 1 0 7 4
8 2 3 0 5 1 6 7 4
8 2 3 5 0 1 6 7 4
8 2 3 5 1 0 6 7 4
8 2 3 5 1 4 6 7 0
8 2 3 5 1 4 6 0 7
8 2 3 5 1 4 0 6 7
8 2 3 0 1 4 5 6 7
8 2 3 1 0 4 5 6 7
8 0 3 1 2 4 5 6 7
8 3 0 1 2 4 5 6 7
8 3 4 1 2 0 5 6 7
8 3 4 1 2 7 5 6 0
8 3 4 1 2 7 5 0 6
8 3 4 1 0 7 5 2 6
8 0 4 1 3 7 5 2 6
0 8 4 1 3 7 5 2 6
1 8 4 0 3 7 5 2 6
1 8 4 5 3 7 0 2 6
1 8 4 5 3 7 2 0 6
1 8 4 5 0 7 2 3 6
1 0 4 5 8 7 2 3 6
1 4 0 5 8 7 2 3 6
1 4 7 5 8 0 2 3 6
1 4 7 5 0 8 2 3 6
1 4 7 0 5 8 2 3 6
1 4 7 2 5 8 0 3 6
1 4 7 2 5 8 3 0 6
1 4 7 2 5 8 3 6 0
